Ingredientes = ["Silagem de milho", "Fuba de milho", "Farelo de trigo", "Polpa citrica", "Raspa de mandioca", "Oleo de soja", "Caroco de algodao", "Farelo de soja", "Gluten de milho 60", "Ureia", "Sulfato de Amonio", "Calcario Calcitico", "Fosfato bicalcico", "Calcario dolomitico", "Sal", "Cloreto de Potassio", "Sulfato de Cobalto", "Selenito de Sodio", "Sulfato de Zinco"]
Elementos = ["NDT", "PB", "PDR", "PNDR", "FDN", "EE", "Ca", "P", "Na", "K", "Mg", "S", "Co", "Se", "Zn"]
Demanda = 1000
Custo = [0.07, 0.73, 0.49, 0.53, 0.48, 2.53, 0.39, 1.12, 1.35, 1.58, 0.93, 0.12, 2.58, 0.21, 0.44, 2.58, 5.77, 5.22, 4.89]
PorcentagemMateriaNatural = [30.89, 87.48, 88.33, 88.44, 87.67, 100, 90.05, 89.18, 91.11, 99.02, 99.54, 99.77, 99.35, 99.11, 99.78, 99.35, 99.23, 99.88, 99.65]
Valores = [[63.75, 7.21, 5, 2.21, 55.46, 2.94, 0.31, 0.19, 0.01, 1.05, 0.27, 0.15, 0, 0, 12.17], [86.49, 7.88, 4.11, 3.77, 13.98, 3.65, 0.03, 0.25, 0.01, 0.29, 0.09, 0.51, 0, 0, 21.35], [70.28, 15.36, 10.16, 5.2, 44.35, 3.49, 0.14, 0.97, 0.02, 1.03, 0.33, 0.21, 0, 0, 134.5], [75.77, 6.37, 4.27, 2.1, 24.31, 2.02, 1.57, 0.21, 0.07, 0.75, 0.05, 0, 0, 0, 0], [75.97, 2.47, 1.46, 1.01, 23.64, 0.59, 0.21, 0.09, 0.02, 0.57, 0.09, 0.02, 0, 0, 11.1], [187.44, 0, 0, 0, 0, 100, 0, 0, 0, 0, 0, 0, 0, 0, 0], [83.83, 22.24, 10.04, 12.2, 46.04, 18.91, 0.33, 0.75, 0.01, 0.25, 0.12, 0.05, 0, 0, 0.15], [79.62, 48.1, 28, 20.1, 14.93, 1.45, 0.31, 0.63, 0.01, 1.35, 0.23, 0.05, 0, 0, 44.81], [91.06, 61.07, 21.07, 40, 6.39, 2.3, 0.03, 0.47, 0.01, 0.13, 0.06, 0.26, 0, 0, 25.3], [0, 282, 282, 0, 0, 0, 0, 0, 0, 0, 0, 0, 0, 0, 0], [0, 134, 134, 0, 0, 0, 0, 0, 0, 0, 0, 24.1, 0, 0, 0], [0, 0, 0, 0, 0, 0, 37.7, 0, 0, 0, 0, 0, 0, 0, 0], [0, 0, 0, 0, 0, 0, 24.5, 18.5, 0, 0, 0, 0, 0, 0, 0], [0, 0, 0, 0, 0, 0, 18.6, 0, 0, 0, 10, 0, 0,	0, 0], [0, 0, 0, 0, 0, 0, 0, 0, 39.7, 0, 0, 0, 0, 0, 0], [0, 0, 0, 0, 0, 0, 0, 0, 0, 37, 0, 0, 0, 0, 0], [0, 0, 0, 0, 0, 0, 0, 0, 0, 0, 0, 0, 330000, 0, 0], [0, 0, 0, 0, 0, 0, 0, 0, 34, 0, 0, 11, 0, 450000, 0], [0, 0, 0, 0, 0, 0, 0, 0, 0, 0, 0, 11, 0, 0, 350000]]
Minimo = [45, 0, 0, 5, 0, 0, 0, 0, 0, 0, 0, 0, 0, 0, 0, 0, 0, 0, 0]
Maximo = [100, 100, 100, 15, 100, 3, 10, 100, 5, 1, 0.5, 100, 100, 100, 100, 100, 100, 100, 100]
Limitante = [72, 15.3, 10.1, 5.2, 34, 5.5, 1.02, 0.48, 0.22, 1.05, 0.18, 0.22, 0.11, 0.3, 46.88]
LimitanteMaximoInferior = [0, 0, 2, 2, 10, 100, 1, 1, 1, 1, 1, 1, 1, 1, 1]
LimitanteMaximoSuperior = [2, 2, 3,  3, 20, 10, 20, 20, 5, 50, 50, 20, 10, 5, 10]